0.066 OrderedDict([(1, 3), (2, 2), (3, 2), (4, 1), (5, 2), (7, 2), (12, 1), (13, 1)])
0.093 OrderedDict([(1, 6), (2, 2), (3, 1), (4, 2), (6, 1), (8, 1), (9, 1), (10, 1), (11, 1), (13, 1), (15, 1)])
0.137 OrderedDict([(32, 1), (1, 6), (2, 4), (3, 3), (4, 2), (6, 2), (7, 1), (9, 1), (10, 1), (18, 2)])
0.165 OrderedDict([(1, 7), (2, 2), (3, 1), (4, 1), (37, 1), (6, 3), (7, 1), (8, 1), (11, 1), (16, 1), (23, 1), (27, 1)])
0.154 OrderedDict([(1, 3), (2, 3), (3, 1), (4, 1), (5, 1), (6, 1), (13, 1), (14, 1), (15, 1), (16, 1), (19, 1), (22, 1), (28, 1)])
0.221 OrderedDict([(19, 1), (1, 7), (2, 1), (3, 1), (4, 1), (5, 1), (6, 2), (7, 2), (8, 1), (9, 1), (14, 2), (16, 1), (67, 1), (27, 1)])
0.348 OrderedDict([(1, 4), (2, 2), (3, 2), (5, 1), (38, 1), (7, 1), (11, 1), (12, 1), (14, 2), (16, 1), (18, 1), (21, 1), (23, 1), (121, 1), (6, 1), (28, 1)])
0.315 OrderedDict([(2, 3), (3, 3), (4, 1), (5, 1), (6, 1), (7, 1), (8, 1), (10, 1), (11, 5), (13, 1), (47, 1), (16, 1), (17, 1), (25, 1), (59, 1), (28, 1)])
0.378 OrderedDict([(1, 3), (2, 4), (36, 1), (22, 1), (6, 1), (7, 3), (8, 1), (10, 1), (11, 1), (12, 1), (13, 1), (78, 1), (17, 1), (18, 1), (19, 1), (20, 1), (14, 1), (54, 1), (4, 2)])
0.361 OrderedDict([(1, 3), (2, 2), (3, 2), (4, 1), (5, 1), (7, 2), (8, 2), (41, 1), (11, 1), (16, 1), (17, 1), (19, 1), (20, 1), (25, 1), (71, 1), (27, 1), (62, 1)])
