0.066 5000 [4345, 3314, 1774, 474, 1472, 4916, 700, 580, 703, 4999, 1090, 2518, 3085, 4935, 3209]
0.093 10000 [1807, 9345, 8314, 2818, 4190, 6774, 6472, 9916, 209, 5580, 5703, 9999, 577, 7518, 4346, 1029, 9935, 8209, 1674]
0.137 15000 [4647, 6807, 350, 13314, 1613, 425, 9190, 292, 2216, 11472, 14916, 3262, 670, 10580, 4268, 10703, 14999, 5577, 2139, 9346, 2230, 13209, 6674, 854]
0.165 20000 [9647, 11807, 18314, 5425, 14190, 4814, 7216, 835, 16472, 1126, 2689, 830, 19999, 10577, 523, 294, 14346, 2102, 1043, 3311, 18209, 1877]
0.154 25000 [16807, 3744, 1005, 4364, 10425, 1066, 12216, 5835, 21472, 4516, 7689, 777, 24999, 15577, 5294, 19346, 23209, 4501]
0.221 30000 [3385, 21807, 523, 245, 6005, 9364, 402, 856, 6066, 147, 10835, 26472, 9516, 12689, 5777, 4309, 29999, 20577, 10294, 24346, 3712, 28209, 9501, 4966]
0.348 35000 [26807, 5523, 2862, 4933, 5245, 11005, 14364, 4591, 5402, 5856, 2563, 31472, 458, 17689, 10777, 9309, 34999, 25577, 15294, 29346, 90, 33209, 3447]
0.315 40000 [31807, 10523, 7862, 10245, 16005, 19364, 1325, 10856, 2915, 850, 36472, 816, 5458, 22689, 15777, 14309, 39999, 30577, 20294, 34346, 5090, 4219, 38209, 8447, 1750]
0.378 45000 [36807, 15523, 2850, 15245, 21005, 24364, 3894, 6325, 189, 15856, 7915, 2292, 5850, 41472, 1652, 909, 27689, 20777, 19309, 44999, 35577, 25294, 39346, 2678, 9219, 1745, 43209, 13447]
0.361 50000 [41807, 20523, 7850, 1995, 334, 26005, 1414, 29364, 20856, 12915, 10850, 46472, 32689, 25777, 24309, 49999, 40577, 30294, 44346, 14219, 6745, 2733, 48209, 18447]
