0.066 66 162 19 453 36 35 163 551 454 452 129 61 533 1070 509 237 909 2034 198 1210 3077 1211 919 735 490 2306 820 254 2128 631 137 317 67 156 209
0.093 801 1461 12 524 1780 151 45 4915 279 244 1406 896 3210 1564 3144
0.137 3114 7898 246 7362 101 208 1820 473 1128 203 481 910 423 1296 13523 4773 605 142 69 358 13903 1082
0.165 24 2382 13 223 1361 1232 2061 7885 2918 52 12351 6003 12452 16853 56 178 5723 2904 230 101 675 199 913 6549 2645
0.154 627 1217 14429 2945 10876 169 259 99 3735 2742 3164 20746 262 5826 541 1035 489 223 177 8157 2011 2122 1039 562 4324 1223 675 397
0.221 4036 694 495 12499 247 1758 38 15547 1846 717 755
0.348 3406 6353 9867 584 378 73 144 1710 7697 6458 353 12782 3527 82 1551 303 947 3856 15088 355 197
0.315 35 14 3412 141 6067 24 884 6667 1779 592 1168 245 8509 672 74 1738 1596
0.378 494 6320 10003 449 7694 855 408 3978 133 6 1124 2770 5704 516
0.361 287 679 435 3286 2014 8064 5751 148 1101 4293 5556 650 1562 245 19700 556 522 270
0.361 
